24090001
00000000
00000000
00000000
00000000
00000000
24100003
00000000
00000000
00000000
00000000
00000000
240a0002
00000000
00000000
00000000
00000000
00000000
11300029
00000000
00000000
00000000
00000000
00000000
11500029
00000000
00000000
00000000
00000000
00000000
0c000c42
00000000
00000000
00000000
00000000
00000000
08000c3c
00000000
00000000
00000000
00000000
00000000
08000c48
00000000
00000000
00000000
00000000
00000000
00000021
00000000
00000000
00000000
00000000
00000000
02b5a821
00000000
00000000
00000000
00000000
00000000
02108021
00000000
00000000
00000000
00000000
00000000
02118821
00000000
00000000
00000000
00000000
00000000
02d6b021
00000000
00000000
00000000
00000000
00000000
